48 48 0 
85 49 1 
19 47 0 
99 65 1 
19 87 0 
89 59 1 
98 32 1 
82 20 1 
54 59 0 
55 28 1 
97 43 1 
31 92 0 
82 76 1 
9 73 0 
57 36 1 
96 66 1 
17 33 0 
62 32 1 
36 9 1 
86 69 1 
4 39 0 
54 9 1 
26 65 0 
47 88 0 
24 45 0 
96 88 1 
95 20 1 
67 39 1 
87 30 1 
88 10 1 
64 82 0 
43 0 1 
35 50 0 
99 8 1 
26 86 0 
69 34 1 
25 31 0 
49 3 1 
77 11 1 
43 48 0 
66 27 1 
30 44 0 
33 73 0 
32 76 0 
29 79 0 
40 83 0 
80 6 1 
8 49 0 
43 55 0 
0 55 0 
11 72 0 
11 37 0 
56 49 1 
18 80 0 
74 8 1 
98 4 1 
32 8 1 
100 71 1 
43 62 0 
8 13 0 
97 63 1 
48 88 0 
64 72 0 
35 13 1 
57 48 1 
70 63 1 
88 23 1 
85 99 0 
41 84 0 
61 85 0 
18 93 0 
44 89 0 
65 77 0 
83 15 1 
2 99 0 
86 6 1 
92 51 1 
93 97 0 
11 97 0 
48 67 0 
40 85 0 
41 93 0 
83 32 1 
46 12 1 
57 72 0 
51 38 1 
23 64 0 
76 53 1 
94 49 1 
83 66 1 
45 22 1 
70 93 0 
12 12 0 
40 54 0 
10 67 0 
73 85 0 
50 22 1 
76 96 0 
29 87 0 
8 62 0 
